<?xml version="1.0"?>
<opencv_storage>
<calibration_time>"qua 12 jan 2022 22:56:14"</calibration_time>
<nr_of_frames>15</nr_of_frames>
<image_width>1280</image_width>
<image_height>720</image_height>
<board_width>7</board_width>
<board_height>9</board_height>
<square_size>20.</square_size>
<fix_aspect_ratio>1.</fix_aspect_ratio>
<!-- flags: +fix_aspectRatio +fix_principal_point +zero_tangent_dist +fix_k4 +fix_k5 -->
<flags>6158</flags>
<fisheye_model>0</fisheye_model>
<camera_matrix type_id="opencv-matrix">
  <rows>3</rows>
  <cols>3</cols>
  <dt>d</dt>
  <data>
    1.0812352934517869e+03 0. 6.3950000000000000e+02 0.
    1.0812352934517869e+03 3.5950000000000000e+02 0. 0. 1.</data></camera_matrix>
<distortion_coefficients type_id="opencv-matrix">
  <rows>5</rows>
  <cols>1</cols>
  <dt>d</dt>
  <data>
    9.3790807553630076e-02 7.2570240321285273e-01 0. 0.
    -6.1493186394899144e+00</data></distortion_coefficients>
<avg_reprojection_error>2.0755634404485104e-01</avg_reprojection_error>
<per_view_reprojection_errors type_id="opencv-matrix">
  <rows>15</rows>
  <cols>1</cols>
  <dt>f</dt>
  <data>
    1.83274195e-01 2.10630894e-01 2.36064479e-01 2.93099701e-01
    1.40426785e-01 2.99600661e-01 2.45919555e-01 1.67972714e-01
    1.24607563e-01 2.35284179e-01 1.57475576e-01 1.45680591e-01
    1.79986998e-01 1.89954519e-01 2.07483143e-01</data></per_view_reprojection_errors>
<!-- a set of 6-tuples (rotation vector + translation vector) for each view -->
<extrinsic_parameters type_id="opencv-matrix">
  <rows>15</rows>
  <cols>6</cols>
  <dt>d</dt>
  <data>
    2.5822431662723095e-02 -2.2531516086935666e-01
    3.1257563707693294e+00 4.3871919463075109e+01 9.0436883184718454e+01
    3.7095773624779139e+02 8.6812593611444402e-02 2.6281732398310725e-01
    -1.0544258273949881e-02 -8.6021302731235494e+01
    -7.5761187268376091e+01 3.6606683277541140e+02
    -5.9887247283113799e-03 -4.4601941651619348e-01
    5.4792658714590322e-03 -6.8420457509052923e+01
    -7.4696746583254054e+01 3.6881600140544265e+02
    9.1504779154052640e-02 9.8379848194685496e-03
    -6.5297829371637724e-03 -7.4577174168350581e+01
    -7.1935232445181754e+01 3.4504915401387285e+02
    1.8777989477617688e-01 -1.0804069266869133e-01
    -2.2607195478907788e-02 -8.2361079121677534e+01
    -3.7680303837044335e+01 4.5052355948904170e+02
    9.1790129798326459e-02 -1.5488910319134441e-01
    -7.6973484545505037e-03 -1.1683810089333498e+02
    -5.7978553734073273e+01 4.6818498116491287e+02
    2.8888660729999668e-02 -6.3096188174125456e-01
    4.3599262567896244e-02 -8.0010497562177946e+01
    -8.0938524835063987e+01 4.2815282177409983e+02
    1.1492382396414040e+00 -3.8113554667892863e-01
    2.8918212917999906e+00 9.8918610624689478e+01 1.2089885884430532e+02
    4.7785687965159423e+02 -5.5125179727346492e-02
    2.5427110665641228e-01 -8.9894774962912274e-02
    -7.7924161899601529e+01 -8.0368843997239452e+01
    5.4477658265152479e+02 9.0268436538737340e-02
    -2.3946482955610587e-01 -9.4317822723723327e-03
    -8.4351585073807698e+01 -7.7484174374280258e+01
    4.4836346127407057e+02 2.0062685411200593e-01
    -4.0320774107636030e-03 -1.4153928439977525e-03
    -1.0227262963785506e+02 -5.9570914794429520e+01
    4.6645229530572698e+02 -3.0829713478728521e-01
    -2.0701236207486338e-02 7.6876326994482162e-03
    -9.0797423810416916e+01 -1.1179467445439126e+02
    4.8262821702533199e+02 7.7944774799540484e-02 7.2920488022109631e-01
    4.8585058544824145e-02 -5.8503322721181213e+01
    -7.7849651991130486e+01 4.5780227246795454e+02
    1.4314365855878622e-01 -3.8963373837950172e-01
    -3.0722633866848682e-02 -6.2884295077721958e+01
    -7.6895703109244124e+01 3.6809809525085865e+02
    1.2953573322753345e-01 2.5468823944855411e-02
    -7.4546417984739585e-03 -5.9412773598779197e+01
    -6.9765972708236774e+01 3.5990902102044208e+02</data></extrinsic_parameters>
<image_points type_id="opencv-matrix">
  <rows>15</rows>
  <cols>63</cols>
  <dt>"2f"</dt>
  <data>
    7.68621033e+02 6.25311218e+02 7.09540771e+02 6.25203613e+02
    6.50914368e+02 6.25066223e+02 5.92249390e+02 6.25243958e+02
    5.33681763e+02 6.25576721e+02 4.75032776e+02 6.26072327e+02
    4.16371643e+02 6.26611938e+02 7.68709045e+02 5.68371582e+02
    7.09332031e+02 5.68115540e+02 6.50371643e+02 5.68255859e+02
    5.91485657e+02 5.68513672e+02 5.32648132e+02 5.68846130e+02
    4.73571045e+02 5.69543274e+02 4.14570740e+02 5.69890137e+02
    7.68970093e+02 5.10541626e+02 7.09372742e+02 5.10568390e+02
    6.49909546e+02 5.10596832e+02 5.90565552e+02 5.11054565e+02
    5.31433838e+02 5.11379517e+02 4.72255219e+02 5.11995941e+02
    4.12649200e+02 5.12567322e+02 7.69327332e+02 4.52465149e+02
    7.09297852e+02 4.52573456e+02 6.49470154e+02 4.52811584e+02
    5.89780212e+02 4.53048431e+02 5.30202087e+02 4.53515686e+02
    4.70672791e+02 4.53840637e+02 4.10431519e+02 4.54655273e+02
    7.69636597e+02 3.93336639e+02 7.09222778e+02 3.93661987e+02
    6.48829895e+02 3.93818970e+02 5.88958618e+02 3.94369476e+02
    5.28938904e+02 3.94760101e+02 4.68994598e+02 3.95196686e+02
    4.08590424e+02 3.95794250e+02 7.70220825e+02 3.33528931e+02
    7.09338928e+02 3.33985168e+02 6.48571899e+02 3.34485016e+02
    5.88043579e+02 3.34761414e+02 5.27625366e+02 3.35249725e+02
    4.67093414e+02 3.35640594e+02 4.06245361e+02 3.36123718e+02
    7.70835938e+02 2.72635803e+02 7.09395020e+02 2.73184998e+02
    6.48129761e+02 2.73706879e+02 5.87056824e+02 2.74173584e+02
    5.26062866e+02 2.74586823e+02 4.65078491e+02 2.75182617e+02
    4.03590668e+02 2.75548553e+02 7.71666138e+02 2.10731445e+02
    7.09415649e+02 2.11457718e+02 6.47632629e+02 2.12107208e+02
    5.86004333e+02 2.12564926e+02 5.24493042e+02 2.13078644e+02
    4.62871490e+02 2.13412872e+02 4.00807434e+02 2.13806335e+02
    7.72434204e+02 1.47252808e+02 7.09719421e+02 1.48152817e+02
    6.47260925e+02 1.48737396e+02 5.85028198e+02 1.49423737e+02
    5.22698547e+02 1.49864273e+02 4.60400452e+02 1.50218399e+02
    3.97811249e+02 1.50696701e+02 3.83043976e+02 1.33704346e+02
    4.37796509e+02 1.30622543e+02 4.94343445e+02 1.27662872e+02
    5.52258911e+02 1.24553429e+02 6.11793640e+02 1.21338745e+02
    6.73153748e+02 1.17609200e+02 7.36707031e+02 1.13728325e+02
    3.85654510e+02 1.94260162e+02 4.40711975e+02 1.92114777e+02
    4.96599030e+02 1.89966583e+02 5.54245361e+02 1.87708862e+02
    6.13383423e+02 1.85260864e+02 6.74280701e+02 1.82582489e+02
    7.37327637e+02 1.80119431e+02 3.88465546e+02 2.53746185e+02
    4.43248993e+02 2.52475662e+02 4.98927002e+02 2.51129059e+02
    5.56164795e+02 2.49644684e+02 6.14892090e+02 2.48103714e+02
    6.75441650e+02 2.46549194e+02 7.37929504e+02 2.44806351e+02
    3.91145264e+02 3.12634186e+02 4.45564423e+02 3.12108551e+02
    5.00817535e+02 3.11508728e+02 5.57911560e+02 3.10741852e+02
    6.16312927e+02 3.10276489e+02 6.76570435e+02 3.09639832e+02
    7.38752930e+02 3.09036377e+02 3.93677673e+02 3.70824188e+02
    4.47670898e+02 3.71084381e+02 5.02841858e+02 3.71217255e+02
    5.59573792e+02 3.71381866e+02 6.18001953e+02 3.71510956e+02
    6.77666443e+02 3.71986725e+02 7.39678894e+02 3.72250061e+02
    3.95378845e+02 4.28839905e+02 4.49850311e+02 4.29440887e+02
    5.04756348e+02 4.30456299e+02 5.61376709e+02 4.31409821e+02
    6.19230835e+02 4.32603912e+02 6.79102173e+02 4.33831543e+02
    7.40549133e+02 4.35330536e+02 3.97731079e+02 4.86156128e+02
    4.51669342e+02 4.87624390e+02 5.06742340e+02 4.89337189e+02
    5.62905457e+02 4.91126068e+02 6.20809937e+02 4.92960388e+02
    6.80293274e+02 4.95348816e+02 7.41649109e+02 4.97578156e+02
    4.00164703e+02 5.43178955e+02 4.53489410e+02 5.45600891e+02
    5.08263672e+02 5.47916687e+02 5.64534729e+02 5.50468994e+02
    6.22182922e+02 5.53515381e+02 6.81660645e+02 5.56388184e+02
    7.42702148e+02 5.59976562e+02 4.01900482e+02 6.00043152e+02
    4.55429230e+02 6.03237488e+02 5.09915466e+02 6.06434265e+02
    5.66038086e+02 6.09631592e+02 6.23555664e+02 6.13284790e+02
