<?xml version="1.0"?>
<opencv_storage>
<calibration_time>"qui 20 jan 2022 21:30:32"</calibration_time>
<nr_of_frames>15</nr_of_frames>
<image_width>1280</image_width>
<image_height>720</image_height>
<board_width>7</board_width>
<board_height>9</board_height>
<square_size>20.</square_size>
<fix_aspect_ratio>1.</fix_aspect_ratio>
<!-- flags: +fix_aspectRatio +fix_principal_point +zero_tangent_dist +fix_k4 +fix_k5 -->
<flags>6158</flags>
<fisheye_model>0</fisheye_model>
<camera_matrix type_id="opencv-matrix">
  <rows>3</rows>
  <cols>3</cols>
  <dt>d</dt>
  <data>
    1.2200899121457219e+03 0. 6.3950000000000000e+02 0.
    1.2200899121457219e+03 3.5950000000000000e+02 0. 0. 1.</data></camera_matrix>
<distortion_coefficients type_id="opencv-matrix">
  <rows>5</rows>
  <cols>1</cols>
  <dt>d</dt>
  <data>
    2.5878587994055857e-01 -1.4822072855187385e+00 0. 0.
    7.9401453905466135e-01</data></distortion_coefficients>
<avg_reprojection_error>5.5465404385064476e-01</avg_reprojection_error>
<per_view_reprojection_errors type_id="opencv-matrix">
  <rows>15</rows>
  <cols>1</cols>
  <dt>f</dt>
  <data>
    1.60950020e-01 3.49584520e-01 3.59164774e-01 3.39922905e-01
    2.71496624e-01 3.27737987e-01 2.53621429e-01 2.26306289e-01
    2.28119612e-01 2.56950647e-01 1.97132215e-01 1.36678800e-01
    2.03674957e-01 1.91417360e+00 2.10110068e-01</data></per_view_reprojection_errors>
<!-- a set of 6-tuples (rotation vector + translation vector) for each view -->
<extrinsic_parameters type_id="opencv-matrix">
  <rows>15</rows>
  <cols>6</cols>
  <dt>d</dt>
  <data>
    -1.0828023950396609e-02 -1.5775723503901365e-01
    3.1346521442009041e+00 4.9665211792019569e+01 7.9665888226015937e+01
    4.1526982665066350e+02 1.1510582817732801e-01
    -5.2361622892096771e-01 2.7701930631389600e-02
    -4.3775002818177533e+01 -8.5155748971488947e+01
    4.0682957781102937e+02 6.3789970092640869e-02 6.3729502182693609e-01
    -1.2159277147449379e-02 -4.9014213468589098e+01
    -7.8093033005429618e+01 4.6666845358031679e+02
    -3.9069453351109429e-01 -8.2785699248541011e-02
    -1.3742150033470785e-02 -6.5647438862208091e+01
    -1.0458755232048972e+02 4.7414699261599208e+02
    3.5927033303746048e-01 4.3652418152822864e-02
    -2.3558761450295979e-03 -8.3488600493521503e+01
    -5.0240265163954319e+01 4.0962514552145740e+02
    -4.2535151859151255e-01 5.3128565570559660e-01
    3.8748929338989530e-01 1.1435856775032975e+00
    -8.0440536502045930e+01 5.3035013569102637e+02
    -3.4203701786583091e-01 -6.5080361335138670e-01
    5.4360034943270713e-02 -9.7492160805298383e+01
    -8.9232799091390959e+01 5.5291781659522474e+02
    3.0631053055340735e-01 -3.9139279339842270e-01
    2.0874461298292474e-01 -2.8580687193654025e+01
    -4.7285106627569675e+01 4.9236719600946969e+02
    3.4305151294818442e-01 3.5144795016602554e-01
    -3.6647834300200571e-01 -5.4674057072111317e+01
    -3.1660034399631858e+01 4.4556195985257040e+02
    5.6042487511631107e-02 7.2860882438878183e-01
    -3.4583731205723396e-02 -4.0321283069919318e+01
    -6.1118838032706250e+01 6.0262828341619570e+02
    4.3117213085464727e-02 -5.3887890875000233e-01
    -3.0399451812539256e-02 -3.5438367468427366e+01
    -4.3810082459511094e+01 6.3415539487799185e+02
    8.8003940603201963e-02 -1.2615154021033487e-02
    -2.7987317403287311e-02 -7.2287010181166409e+01
    -1.0022249285275193e+02 6.8337096666680770e+02
    8.3955145219428498e-02 -3.5570562636475664e-02
    -9.9400258371819972e-03 -8.1526882705737691e+01
    -7.4203617615711039e+01 4.2885183739638023e+02
    2.0465390799721865e-02 -3.8320955139549656e-01
    3.1105406385009751e+00 5.3116993441597998e+01 1.0970291238878870e+02
    5.6632067777902409e+02 -7.1452230703503516e-01
    2.3192702085599669e-02 -4.9936141645789869e-02
    -7.1963614931716762e+01 -9.5914264520569603e+01
    7.4324102372675816e+02</data></extrinsic_parameters>
<image_points type_id="opencv-matrix">
  <rows>15</rows>
  <cols>63</cols>
  <dt>"2f"</dt>
  <data>
    7.86924622e+02 5.95964294e+02 7.27392029e+02 5.95825867e+02
    6.68042114e+02 5.95648682e+02 6.08691467e+02 5.96149109e+02
    5.49386597e+02 5.96567200e+02 4.89834381e+02 5.97249084e+02
    4.30040436e+02 5.97654419e+02 7.87165405e+02 5.37433838e+02
    7.27336060e+02 5.37184875e+02 6.68006897e+02 5.37333435e+02
    6.08535583e+02 5.37483154e+02 5.49148254e+02 5.37943115e+02
    4.89297333e+02 5.38589722e+02 4.29188995e+02 5.39244446e+02
    7.87354004e+02 4.78341187e+02 7.27467102e+02 4.78297058e+02
    6.67964783e+02 4.78294800e+02 6.08476318e+02 4.78697693e+02
    5.48761414e+02 4.79007111e+02 4.88739929e+02 4.79543396e+02
    4.28264740e+02 4.80283478e+02 7.87700806e+02 4.19434479e+02
    7.27628662e+02 4.19390564e+02 6.67835205e+02 4.19440826e+02
    6.08311462e+02 4.19571808e+02 5.48419434e+02 4.20032684e+02
    4.88230896e+02 4.20395569e+02 4.27289612e+02 4.20808228e+02
    7.88254150e+02 3.59577301e+02 7.27877930e+02 3.59763824e+02
    6.67862122e+02 3.59820923e+02 6.08165100e+02 3.60328796e+02
    5.47819519e+02 3.60503082e+02 4.87512115e+02 3.60686371e+02
    4.26437988e+02 3.60981781e+02 7.88762878e+02 2.99644165e+02
    7.28197327e+02 2.99787659e+02 6.67888245e+02 3.00070953e+02
    6.07526489e+02 3.00311523e+02 5.47235352e+02 3.00492432e+02
    4.86364502e+02 3.00532410e+02 4.25048920e+02 3.00530914e+02
    7.89582642e+02 2.38577271e+02 7.28730042e+02 2.38924408e+02
    6.67876770e+02 2.39357239e+02 6.07100769e+02 2.39495941e+02
    5.46365234e+02 2.39558655e+02 4.85277679e+02 2.39495468e+02
    4.23588562e+02 2.39525970e+02 7.90668335e+02 1.76794846e+02
    7.29218140e+02 1.77382538e+02 6.68072571e+02 1.77546310e+02
    6.06638672e+02 1.77595734e+02 5.45512451e+02 1.77685776e+02
    4.83880554e+02 1.77605728e+02 4.21970917e+02 1.77456390e+02
    7.91681946e+02 1.13913727e+02 7.29958496e+02 1.14394814e+02
    6.67943176e+02 1.14550484e+02 6.06351440e+02 1.14779144e+02
    5.44438660e+02 1.14792488e+02 4.82447601e+02 1.14731773e+02
    4.20386963e+02 1.14752724e+02 5.05896912e+02 1.01225098e+02
    5.61252258e+02 1.07668297e+02 6.13101807e+02 1.13728569e+02
    6.62534424e+02 1.19008705e+02 7.09243713e+02 1.24540627e+02
    7.54924866e+02 1.29486725e+02 7.98341248e+02 1.34344376e+02
    5.04111359e+02 1.62797211e+02 5.58405823e+02 1.67819382e+02
    6.10073181e+02 1.72430847e+02 6.59193848e+02 1.76587646e+02
    7.06254639e+02 1.80593933e+02 7.50717957e+02 1.84357117e+02
    7.93839233e+02 1.87637787e+02 5.01774353e+02 2.23719147e+02
    5.56135803e+02 2.26956528e+02 6.07424255e+02 2.30083740e+02
    6.56236267e+02 2.33088074e+02 7.02328308e+02 2.35679276e+02
    7.47440430e+02 2.38321640e+02 7.90191589e+02 2.40689682e+02
    4.99426941e+02 2.83650879e+02 5.53262939e+02 2.85296753e+02
    6.04697021e+02 2.87030426e+02 6.53244812e+02 2.88627869e+02
    6.99587646e+02 2.90054871e+02 7.43966431e+02 2.91427612e+02
    7.86273560e+02 2.92482941e+02 4.97218384e+02 3.42627838e+02
    5.50969238e+02 3.42909729e+02 6.01746643e+02 3.43326569e+02
    6.50162903e+02 3.43442963e+02 6.96011353e+02 3.43548157e+02
    7.40415100e+02 3.43858795e+02 7.83001221e+02 3.43936920e+02
    4.94858612e+02 4.01293701e+02 5.48077271e+02 3.99745270e+02
    5.98591736e+02 3.98647705e+02 6.46623901e+02 3.97557861e+02
    6.92988831e+02 3.96604553e+02 7.36950684e+02 3.95732758e+02
    7.79553040e+02 3.95175842e+02 4.91813416e+02 4.59427124e+02
    5.45144775e+02 4.56449036e+02 5.95740234e+02 4.53654846e+02
    6.43514465e+02 4.51574768e+02 6.89650757e+02 4.49231781e+02
    7.33785706e+02 4.47210419e+02 7.76199829e+02 4.45348633e+02
    4.88934265e+02 5.16986450e+02 5.42286438e+02 5.12735962e+02
    5.92533264e+02 5.08707947e+02 6.40198364e+02 5.05094269e+02
    6.86634521e+02 5.01755432e+02 7.30233215e+02 4.98568848e+02
    7.72729431e+02 4.95653534e+02 4.85686188e+02 5.73962585e+02
    5.38987732e+02 5.68664856e+02 5.89433411e+02 5.63475464e+02
    6.37212952e+02 5.58605469e+02 6.82947693e+02 5.53830261e+02
